2.0
2.0
3.0
2.14
2.3
2.3
2.2
2.3
2.2
2.0
2.0
1.0
1.5
1.9
2.0
3.2
1.8
0.9
1.4
2.5
0.88
0.88
2.4
2.1
1.5
0.7
2.1
2.1
1.7
1.16
3.2
1.6
1.5
2.0
3.2
2.0
2.96
2.4
0.2
2.4
2.8
1.0
1.0
1.58
2.0
2.0
2.0
2.2
1.8
2.4
2.6
2.9
2.9
0.2
1.5
1.1
2.28
2.0
1.6
2.0
2.0
0.8
0.8
1.6
2.0
2.0
2.0
2.0
2.0
2.0
2.4
1.2
2.0
2.6
2.6
2.6
2.6
2.4
1.2
2.0
2.0
2.5
1.0
2.0
2.0
2.0
2.0
1.9
1.9
1.0
2.4
1.4
2.0
2.0
2.0
2.5
4.0
2.0
1.5
1.5
1.5
2.0
2.0
2.0
1.5
1.0
1.0
2.0
3.0
3.0
3.0
3.0
3.0
3.0
2.0
3.5
3.5
2.0
2.0
2.0
2.0
2.0
2.0
1.5
1.6
1.6
1.6
2.0
2.0
2.0
1.6
1.7
1.7
0.064
2.0
2.2
2.0
2.0
2.5
2.0
2.0
1.0
1.0
2.0
2.0
2.0
2.0
2.0
2.0
2.0
2.8
